533.896,432.215
533.529,432.215
533.270,432.169
533.057,432.082
532.792,432.022
532.369,432.017
532.126,431.974
531.918,431.946
531.535,431.875
531.301,431.870
531.079,431.821
530.731,431.697
530.413,431.668
530.178,431.671
529.811,431.523
529.595,431.418
529.336,431.366
528.979,431.263
528.726,431.212
528.422,431.192
528.129,431.119
527.904,431.062
527.582,431.034
527.283,430.953
527.021,430.890
526.771,430.813
526.381,430.708
526.166,430.691
525.843,430.580
525.617,430.461
525.440,430.420
525.067,430.179
524.867,430.110
524.597,430.107
524.173,430.014
523.959,429.901
523.700,429.829
523.413,429.752
523.207,429.610
522.864,429.360
522.661,429.319
522.348,429.235
522.059,429.052
521.883,428.969
521.527,428.867
521.256,428.792
521.016,428.691
520.736,428.594
520.412,428.388
520.151,428.162
519.993,428.092
519.761,428.053
519.388,427.856
519.192,427.789
518.874,427.675
518.676,427.464
518.284,427.223
518.031,427.068
517.926,426.958
517.590,426.730
517.291,426.686
517.040,426.443
516.816,426.210
516.497,426.180
516.185,425.923
515.971,425.791
515.784,425.579
515.486,425.308
515.120,425.059
515.022,424.971
514.738,424.737
514.546,424.499
514.180,424.262
513.973,424.034
513.773,423.834
513.433,423.710
513.131,423.373
512.968,423.074
512.746,422.918
512.398,422.756
512.125,422.401
511.928,422.178
511.680,422.000
511.328,421.798
511.177,421.421
510.951,421.074
510.738,420.877
510.324,420.735
510.237,420.345
509.995,420.079
509.771,419.797
509.420,419.516
509.200,419.185
509.024,418.990
508.749,418.666
508.607,418.376
508.239,418.089
508.032,417.878
507.824,417.512
507.713,417.176
507.439,416.832
507.234,416.687
507.029,416.138
506.933,415.979
506.655,415.666
506.482,415.325
506.151,415.008
505.990,414.787
505.884,414.335
505.680,414.033
505.362,413.789
505.241,413.324
505.056,413.041
504.876,412.764
504.728,412.371
504.597,412.107
504.297,411.806
504.157,411.410
504.045,411.052
503.885,410.815
503.713,410.481
503.628,410.135
503.332,409.792
503.243,409.415
503.069,409.040
502.917,408.772
502.780,408.338
502.655,408.063
502.364,407.764
502.281,407.336
502.100,407.007
501.983,406.671
501.776,406.266
501.695,405.939
501.620,405.610
501.326,405.172
501.195,404.878
501.082,404.485
500.951,404.135
500.847,403.800
500.752,403.280
500.577,403.004
500.390,402.698
500.172,402.244
500.035,401.960
499.899,401.672
499.786,401.144
499.675,400.793
499.499,400.351
499.310,400.087
499.267,399.665
499.045,399.185
498.962,398.932
498.739,398.556
498.704,398.123
498.434,397.756
498.326,397.279
498.146,396.891
498.036,396.590
497.878,396.086
497.816,395.759
497.524,395.302
497.409,394.904
497.363,394.627
497.132,394.132
497.017,393.868
496.865,393.375
496.824,392.989
496.615,392.589
496.485,392.233
496.376,391.789
496.305,391.375
496.106,390.983
495.942,390.647
495.883,390.095
495.801,389.808
495.634,389.349
495.522,389.029
495.442,388.611
495.274,388.265
495.251,387.911
495.147,387.434
494.991,387.031
494.909,386.813
494.778,386.320
494.765,385.987
494.577,385.650
494.481,385.249
494.385,384.873
494.352,384.525
494.176,384.195
494.134,383.891
494.037,383.383
493.984,383.074
493.923,382.832
493.728,382.481
493.812,382.086
493.696,381.784
493.532,381.412
493.519,381.155
493.498,380.778
493.474,380.510
493.413,380.241
493.322,379.965
493.334,379.614
493.186,379.250
493.126,379.015
493.101,378.831
493.060,378.465
493.043,378.146
493.026,377.864
492.924,377.579
492.957,377.204
492.913,377.022
492.881,376.688
492.794,376.517
492.836,376.112
492.783,375.851
492.742,375.626
492.767,375.402
492.741,375.127
492.614,374.797
492.577,374.537
492.622,374.340
492.608,373.993
492.607,373.736
492.519,373.488
492.589,373.150
492.579,372.862
492.545,372.559
492.495,372.308
492.457,372.067
492.578,371.823
492.470,371.469
492.505,371.136
492.495,370.962
492.507,370.618
492.475,370.328
492.504,370.016
492.506,369.741
492.475,369.372
492.543,369.151
492.504,368.872
492.547,368.591
492.509,368.267
492.523,367.951
492.515,367.733
492.497,367.412
492.524,367.116
492.520,366.860
492.523,366.512
492.563,366.259
492.580,365.998
492.599,365.627
492.635,365.365
492.649,365.160
492.620,364.821
492.668,364.561
492.624,364.277
492.673,364.041
492.725,363.690
492.737,363.472
492.762,363.266
492.833,362.878
492.916,362.578
492.933,362.493
492.991,362.315
493.073,361.920
493.133,361.575
493.151,361.378
493.243,361.288
493.245,360.862
493.310,360.650
493.261,360.432
493.324,360.217
493.381,359.921
493.368,359.637
493.496,359.305
494.024,358.712
494.588,357.870
495.217,356.829
495.800,356.088
495.800,356.088
495.800,356.088
495.800,356.088
495.800,356.088
495.800,356.088
495.800,356.088
495.800,356.088
495.800,356.088
495.800,356.088
495.800,356.088
495.800,356.088
495.800,356.088
495.800,356.088
495.800,356.088
495.800,356.088
495.800,356.088
492.033,355.776
493.060,355.179
494.055,354.627
494.770,353.848
494.782,353.681
494.992,353.489
495.153,353.321
495.226,353.089
495.312,352.777
495.269,352.528
495.364,352.354
495.524,352.227
495.521,351.879
495.637,351.660
495.750,351.483
495.863,351.420
496.012,351.028
495.943,350.768
496.188,350.538
496.224,350.474
496.320,350.306
496.450,350.039
496.432,349.835
496.564,349.607
496.627,349.380
496.610,349.260
496.653,349.022
496.856,348.845
497.041,348.558
497.124,348.490
497.238,348.340
497.431,348.077
497.470,347.962
497.525,347.756
497.538,347.525
497.651,347.461
497.835,347.224
497.942,347.082
498.002,346.921
498.004,346.815
498.209,346.538
498.347,346.461
498.466,346.240
498.480,346.079
498.521,345.982
498.757,345.806
498.800,345.756
498.955,345.503
499.082,345.385
499.119,345.232
499.234,345.091
499.310,344.951
499.470,344.939
499.571,344.763
499.563,344.535
499.805,344.511
499.943,344.375
500.037,344.239
500.095,344.165
500.171,343.999
500.319,343.904
500.490,343.794
500.552,343.660
500.670,343.545
500.887,343.487
500.965,343.461
501.060,343.195
501.197,343.207
501.277,343.185
501.480,343.135
501.681,342.980
501.676,342.831
501.888,342.871
502.007,342.859
502.168,342.723
502.349,342.691
502.447,342.694
502.717,342.674
502.863,342.694
503.059,342.689
503.242,342.609
503.378,342.584
503.526,342.590
503.772,342.528
503.983,342.597
504.125,342.723
504.364,342.654
504.518,342.681
504.786,342.813
504.933,342.919
505.130,342.912
505.276,342.946
505.653,343.117
505.837,343.117
505.993,343.225
506.274,343.425
506.400,343.605
506.746,343.821
506.954,343.971
507.133,344.052
507.380,344.322
507.548,344.583
507.893,344.828
508.103,344.996
508.320,345.239
508.688,345.546
508.948,345.919
509.137,346.110
509.395,346.473
509.724,346.815
509.968,347.034
510.172,347.307
510.396,347.766
510.829,348.095
511.021,348.722
511.212,348.956
511.647,349.337
511.966,349.924
512.206,350.215
512.535,350.714
512.889,351.120
513.142,351.753
513.409,352.226
513.791,352.730
514.071,353.111
514.427,353.729
514.762,354.211
515.059,354.857
515.399,355.311
515.781,355.914
516.107,356.533
516.381,357.117
516.878,357.877
517.176,358.305
517.590,359.042
517.899,359.768
518.276,360.305
518.733,361.027
519.072,361.842
519.487,362.493
519.952,363.087
520.200,363.978
520.805,364.763
521.193,365.426
521.690,366.284
522.110,367.112
522.564,367.988
523.066,368.881
523.618,369.705
524.105,370.741
524.626,371.572
525.068,372.504
525.689,373.441
526.186,374.455
526.791,375.409
527.336,376.614
527.990,377.697
528.653,378.767
529.172,379.837
529.946,380.982
530.549,382.221
531.223,383.339
531.969,384.692
532.833,385.913
533.497,387.180
534.265,388.512
535.013,389.949
535.877,391.180
536.772,392.767
537.601,394.055
538.482,395.502
539.318,396.996
540.269,398.429
541.207,400.029
542.109,401.512
543.078,402.990
544.078,404.513
545.032,406.017
546.069,407.602
547.145,409.207
548.145,410.785
549.114,412.275
550.093,413.935
551.222,415.401
552.260,417.027
553.342,418.654
554.448,420.200
555.503,421.836
556.573,423.399
557.567,424.964
558.634,426.647
559.725,428.179
560.738,429.706
561.749,431.312
562.751,432.927
563.745,434.571
564.641,436.093
565.572,437.657
566.448,439.255
567.336,440.805
568.075,442.352
568.919,443.932
569.616,445.332
570.079,446.989
570.740,448.505
571.241,450.076
571.771,451.561
572.052,453.007
572.491,454.477
572.922,455.974
573.105,457.420
573.353,458.869
573.621,460.258
573.823,461.717
574.014,463.018
574.154,464.439
574.269,465.808
574.480,467.124
574.605,468.605
574.761,470.026
574.810,471.241
574.879,472.728
574.981,474.016
575.021,475.324
575.042,476.854
575.084,478.039
575.143,479.377
575.244,480.789
575.298,482.135
575.348,483.402
575.316,484.776
575.458,486.092
575.587,487.388
575.691,488.756
575.755,490.033
575.801,491.207
575.814,492.571
575.979,493.925
576.009,495.021
576.173,496.251
576.254,497.637
576.299,498.820
576.497,500.173
576.693,501.214
576.755,502.494
576.972,503.837
577.056,504.965
577.197,506.131
577.391,507.291
577.495,508.515
577.775,509.703
577.948,510.921
578.035,511.983
578.209,513.139
578.375,514.287
578.659,515.378
578.806,516.634
579.043,517.801
579.160,518.922
579.329,519.974
579.707,521.103
579.884,522.157
580.016,523.203
580.239,524.354
580.412,525.457
580.653,526.610
580.854,527.725
581.019,528.814
581.200,529.860
581.330,530.842
581.736,531.942
581.887,532.957
582.023,534.066
582.132,535.063
582.376,536.161
582.513,537.154
582.783,538.186
582.993,539.120
583.046,540.135
583.200,541.091
583.415,542.209
583.684,543.128
583.851,544.074
583.970,545.068
584.114,546.061
584.216,546.984
584.371,547.937
584.620,548.874
584.832,549.888
584.916,550.860
585.052,551.795
585.178,552.629
585.269,553.640
585.363,554.473
585.502,555.473
585.452,556.438
585.693,557.260
585.654,558.263
585.778,559.181
585.851,560.088
585.857,560.958
585.870,561.954
585.817,562.827
585.853,563.781
585.687,564.550
585.600,565.513
585.575,566.459
585.537,567.433
585.431,568.327
585.297,569.124
585.188,570.027
585.130,570.909
584.985,571.766
584.717,572.540
584.546,573.474
584.473,574.407
584.166,575.080
583.991,575.970
583.842,576.813
583.521,577.629
583.301,578.463
583.058,579.250
582.849,580.055
582.519,580.648
582.255,581.500
581.924,582.259
581.757,583.022
581.296,583.758
581.200,584.493
580.785,585.224
580.436,586.012
580.187,586.662
579.788,587.394
579.600,588.035
579.290,588.648
578.965,589.336
578.666,590.085
578.226,590.760
577.897,591.372
577.615,592.076
577.279,592.627
576.946,593.284
576.768,593.994
576.323,594.518
576.001,595.130
575.642,595.801
575.361,596.466
574.990,597.032
574.721,597.672
574.236,598.231
574.038,598.881
573.696,599.394
573.426,600.038
573.123,600.732
572.819,601.175
572.486,601.790
572.217,602.433
571.949,602.942
571.665,603.590
571.217,604.062
570.985,604.702
570.781,605.166
570.413,605.765
570.170,606.273
569.996,606.903
569.669,607.455
569.376,607.962
569.259,608.488
569.015,609.000
568.830,609.625
568.710,610.001
568.413,610.514
568.174,611.023
568.102,611.537
567.991,612.025
567.791,612.569
567.813,613.037
567.659,613.536
567.581,614.037
567.509,614.411
567.474,614.941
567.405,615.392
567.321,615.905
567.367,616.336
567.411,616.849
567.376,617.236
567.436,617.733
567.615,618.247
567.744,618.758
567.817,619.088
567.843,619.682
567.956,620.068
568.115,620.581
568.166,620.984
568.374,621.502
568.514,621.997
568.666,622.484
568.911,623.000
569.064,623.419
569.130,623.965
569.382,624.413
569.715,624.955
569.874,625.636
570.030,626.011
570.244,626.616
570.542,627.175
570.810,627.718
571.036,628.147
571.248,628.846
571.496,629.331
571.777,629.894
572.020,630.426
572.138,631.037
572.486,631.698
572.743,632.280
573.021,632.956
573.278,633.517
573.485,634.187
573.764,634.810
574.000,635.401
574.172,636.015
574.553,636.739
574.736,637.294
575.037,638.018
575.401,638.776
575.540,639.455
575.802,640.090
576.055,640.807
576.320,641.422
576.608,642.129
576.877,642.863
577.088,643.531
577.293,644.185
577.567,644.941
577.852,645.654
578.077,646.299
578.295,647.100
578.698,647.803
578.882,648.504
579.091,649.155
579.351,649.975
579.551,650.674
579.798,651.336
580.077,652.108
580.210,652.921
580.522,653.623
580.726,654.269
581.038,655.058
581.283,655.965
581.448,656.727
581.607,657.323
581.961,658.185
582.120,658.984
582.474,659.715
582.655,660.379
582.894,661.093
583.048,662.020
583.320,662.816
583.536,663.569
583.761,664.275
583.978,665.085
584.216,665.961
584.421,666.799
584.571,667.598
584.813,668.280
585.065,669.071
585.197,669.948
585.441,670.795
585.652,671.634
585.802,672.311
586.021,673.102
586.150,674.017
586.371,674.856
586.530,675.684
586.585,676.496
586.907,677.184
587.001,678.133
587.128,679.000
587.351,679.847
587.447,680.635
587.525,681.630
587.565,682.467
587.667,683.255
587.869,684.062
587.974,684.947
587.991,685.835
588.141,686.651
588.215,687.434
588.203,688.270
588.157,689.121
588.298,690.102
588.250,690.920
588.446,691.683
588.386,692.517
588.359,693.291
588.381,694.167
588.315,695.056
588.279,695.803
588.268,696.617
588.139,697.503
588.114,698.227
588.017,698.990
587.918,699.792
587.859,700.594
587.696,701.455
587.723,702.149
587.620,702.877
587.503,703.640
587.377,704.474
587.193,705.178
586.987,705.960
586.822,706.638
586.763,707.371
586.437,708.101
586.270,708.813
585.977,709.536
585.718,710.281
585.514,711.000
585.335,711.676
584.988,712.462
584.675,713.036
584.394,713.815
584.014,714.485
583.669,715.048
583.449,715.835
582.997,716.394
582.573,716.928
582.113,717.618
581.673,718.275
581.323,718.935
580.865,719.564
580.472,720.127
579.769,720.633
579.400,721.340
578.893,721.813
578.439,722.444
577.858,722.901
577.332,723.444
576.835,723.984
576.287,724.486
575.671,725.009
575.055,725.492
574.479,725.951
573.792,726.482
573.290,726.884
572.548,727.263
571.914,727.583
571.394,728.140
570.604,728.532
569.970,728.894
569.357,729.363
568.630,729.649
567.937,730.034
567.331,730.369
566.600,730.650
565.863,730.978
565.190,731.365
564.487,731.538
563.636,731.761
563.042,732.254
562.228,732.416
561.519,732.555
560.771,732.723
560.185,733.101
559.389,733.340
558.664,733.585
557.792,733.662
557.220,733.921
556.402,734.141
555.638,734.338
554.890,734.482
554.276,734.595
553.405,734.672
552.560,734.846
551.923,734.949
551.212,735.099
550.470,735.237
549.658,735.370
548.825,735.409
548.109,735.503
547.405,735.539
546.584,735.667
545.709,735.665
545.004,735.605
544.331,735.685
543.493,735.770
542.642,735.728
541.930,735.811
541.318,735.819
540.463,735.880
539.588,735.732
538.730,735.724
538.058,735.676
537.300,735.682
536.380,735.654
535.588,735.572
534.763,735.525
534.002,735.489
533.252,735.436
532.396,735.308
531.579,735.265
530.619,735.075
529.958,734.886
529.116,734.647
528.289,734.593
527.498,734.408
526.627,734.303
525.587,734.054
524.946,733.903
524.033,733.560
523.231,733.459
522.467,733.136
521.518,732.879
520.634,732.629
519.791,732.378
518.885,732.077
518.105,731.648
517.179,731.411
516.363,731.133
515.478,730.841
514.510,730.464
513.625,730.139
512.648,729.750
511.830,729.363
510.979,728.913
510.072,728.496
509.385,728.002
508.315,727.577
507.494,727.150
506.590,726.615
505.611,726.174
504.746,725.539
503.851,725.107
502.988,724.546
502.066,724.093
501.242,723.496
500.376,722.830
499.470,722.432
498.576,721.804
497.742,721.034
496.799,720.467
495.939,719.861
495.050,719.162
494.117,718.560
493.380,717.855
492.568,717.151
491.555,716.500
490.841,715.872
489.947,715.036
489.165,714.354
488.278,713.670
487.488,712.917
486.694,712.141
485.802,711.323
485.000,710.645
484.150,709.900
483.460,708.993
482.600,708.235
481.755,707.373
481.133,706.622
480.272,705.830
479.495,704.990
478.775,704.089
477.934,703.253
477.322,702.470
476.483,701.519
475.649,700.730
474.996,699.895
474.183,698.971
473.518,698.156
472.843,697.127
472.003,696.196
471.371,695.365
470.536,694.465
469.780,693.539
469.172,692.633
468.484,691.689
467.808,690.780
467.043,689.875
466.289,688.763
465.635,687.794
464.965,686.903
464.137,685.900
463.578,684.871
462.877,683.948
462.076,682.911
461.500,681.921
460.843,680.932
460.077,679.891
459.478,678.757
458.818,677.865
458.107,676.772
457.427,675.691
456.602,674.660
456.040,673.666
455.352,672.481
454.575,671.428
453.856,670.266
453.247,669.175
452.605,668.155
451.930,666.936
451.248,665.846
450.504,664.736
449.739,663.573
449.227,662.475
448.523,661.319
447.772,660.093
447.082,658.955
446.329,657.820
445.569,656.597
445.048,655.256
444.377,654.239
443.686,652.945
443.007,651.840
442.312,650.512
441.614,649.273
440.921,648.097
440.192,646.874
439.506,645.589
438.880,644.216
438.130,643.008
437.493,641.743
436.793,640.419
436.100,639.143
435.420,637.892
434.658,636.508
434.028,635.222
433.342,633.959
432.567,632.531
432.002,631.171
431.372,629.913
430.629,628.567
429.955,627.130
429.402,625.756
428.567,624.407
427.960,622.998
427.414,621.587
426.602,620.140
425.901,618.819
425.232,617.409
424.603,615.861
423.923,614.327
423.223,612.963
422.529,611.475
421.934,609.930
421.316,608.543
420.498,606.984
419.849,605.397
419.127,603.951
418.496,602.429
417.847,600.866
417.124,599.137
416.489,597.603
415.858,596.012
415.274,594.491
414.494,592.762
413.806,591.106
413.177,589.528
412.470,587.749
411.834,586.102
411.123,584.314
410.452,582.664
409.786,580.936
409.021,579.163
408.444,577.531
407.675,575.594
407.026,573.870
406.205,572.022
405.629,570.181
404.991,568.260
404.314,566.475
403.554,564.601
403.004,562.791
402.358,560.841
401.607,558.915
401.049,557.027
400.320,555.058
399.818,553.070
399.103,551.129
398.423,549.146
397.896,547.136
397.235,545.186
396.796,543.158
396.118,541.154
395.603,539.149
395.047,537.132
394.485,535.042
393.952,533.029
393.460,531.027
392.964,528.969
392.446,526.805
391.971,524.807
391.480,522.630
391.000,520.587
390.514,518.476
390.094,516.292
389.648,514.207
389.274,512.051
388.881,509.913
388.453,507.694
388.003,505.613
387.552,503.453
387.271,501.127
386.939,498.956
386.570,496.873
386.272,494.607
385.721,492.433
385.489,490.210
385.157,487.928
384.887,485.720
384.515,483.471
384.189,481.139
384.003,478.960
383.533,476.651
383.388,474.456
383.036,472.157
382.677,469.974
382.447,467.728
382.067,465.319
381.844,463.068
381.419,460.849
381.273,458.520
380.925,456.172
380.581,453.911
380.298,451.589
379.963,449.292
379.608,446.919
379.428,444.539
379.030,442.219
378.731,439.907
378.454,437.506
378.087,435.195
377.736,432.749
377.472,430.451
377.122,428.015
376.770,425.574
376.418,423.178
376.141,420.709
375.799,418.325
375.451,415.816
375.247,413.297
374.832,410.853
374.564,408.425
374.224,405.947
373.927,403.479
373.531,400.949
373.239,398.502
372.906,396.095
372.561,393.534
372.331,391.170
372.035,388.518
371.564,386.067
371.322,383.590
370.963,381.174
370.531,378.722
370.182,376.399
369.571,374.288
368.874,372.665
368.384,371.661
368.246,370.660
368.199,370.127
368.154,369.477
368.319,368.838
368.177,368.396
368.121,367.625
368.028,367.305
367.907,366.533
367.694,365.948
367.620,365.354
367.588,364.668
367.489,364.136
367.487,363.628
367.471,363.133
367.465,362.735
367.460,362.236
367.487,361.855
367.453,361.357
367.490,360.960
367.521,360.561
367.488,360.251
367.504,359.931
367.542,359.583
367.487,359.242
367.469,358.867
367.380,358.595
367.444,358.224
367.381,357.762
367.219,357.488
367.234,357.094
366.989,356.554
366.759,356.316
366.530,355.729
366.342,355.350
365.999,354.695
365.660,354.347
365.406,353.746
364.973,353.409
364.451,352.722
364.080,352.265
363.611,351.623
363.123,351.060
362.553,350.323
362.153,349.795
361.541,349.268
360.938,348.565
360.474,348.053
359.787,347.479
359.399,346.849
358.661,346.219
358.101,345.512
357.562,344.860
357.295,344.209
356.645,343.450
356.026,342.640
355.499,342.054
355.018,341.472
354.514,340.666
353.974,340.007
353.468,339.282
352.954,338.545
352.463,337.995
351.944,337.377
351.435,336.691
351.030,335.935
350.497,335.281
349.988,334.583
349.504,334.129
349.055,333.546
348.536,332.967
348.115,332.486
347.700,331.981
347.154,331.494
346.689,331.043
346.205,330.618
345.657,330.353
345.377,330.032
344.838,329.751
344.388,329.518
343.955,329.445
343.572,329.219
343.320,329.122
342.930,329.090
342.494,329.029
342.229,329.088
341.899,329.095
341.604,329.250
341.289,329.342
340.999,329.506
340.854,329.625
340.498,329.929
340.385,330.012
340.062,330.317
339.840,330.510
339.608,330.764
339.353,331.024
339.110,331.373
338.920,331.536
338.665,331.892
338.262,332.150
338.097,332.429
337.887,332.663
337.673,333.032
337.538,333.358
337.212,333.627
337.037,334.016
336.815,334.363
336.498,334.542
336.419,334.964
336.097,335.216
335.923,335.497
335.596,335.767
335.425,336.085
335.098,336.467
334.872,336.659
334.521,336.954
334.209,337.324
333.982,337.616
333.630,337.823
333.379,338.144
332.997,338.469
332.726,338.629
332.467,338.937
332.035,339.096
331.688,339.400
331.471,339.597
331.111,339.759
330.776,340.028
330.306,340.189
330.002,340.488
329.727,340.630
329.413,340.834
329.026,341.002
328.642,341.229
328.386,341.345
328.043,341.532
327.728,341.659
327.443,341.920
327.120,342.063
326.837,342.193
326.519,342.435
326.156,342.444
325.829,342.624
325.610,342.861
325.422,343.050
325.084,343.145
324.829,343.464
324.485,343.502
324.211,343.719
323.951,343.881
323.799,344.063
323.563,344.268
323.242,344.411
323.045,344.710
322.762,344.940
322.478,345.146
322.321,345.429
322.043,345.742
321.853,345.965
321.537,346.301
321.312,346.499
321.075,346.863
320.881,347.179
320.726,347.428
320.390,347.885
320.187,348.185
319.928,348.502
319.637,348.844
319.459,349.255
319.251,349.667
319.044,350.048
318.820,350.419
318.520,350.930
318.259,351.353
318.103,351.769
317.887,352.182
317.724,352.644
317.464,353.201
317.302,353.613
317.044,354.119
316.811,354.585
316.714,355.022
316.477,355.518
316.248,356.054
316.157,356.508
315.895,356.971
315.676,357.528
315.558,357.951
315.377,358.510
315.144,358.989
315.043,359.453
314.900,360.002
314.705,360.513
314.491,361.004
314.401,361.560
314.174,362.004
314.050,362.503
313.890,362.955
313.730,363.494
313.638,363.975
313.477,364.388
313.245,364.936
313.194,365.444
313.041,365.852
312.916,366.299
312.818,366.734
312.692,367.198
312.485,367.637
312.385,368.108
312.286,368.622
312.059,369.048
311.936,369.446
311.891,370.004
311.697,370.465
311.687,370.865
311.487,371.358
311.431,371.779
311.295,372.276
311.184,372.648
311.048,373.056
311.023,373.578
310.848,374.036
310.735,374.451
310.669,374.909
310.425,375.431
310.374,375.765
310.194,376.226
310.186,376.724
310.063,377.123
309.929,377.655
309.952,377.939
309.755,378.468
309.786,378.862
309.694,379.266
309.552,379.582
309.498,380.208
309.385,380.506
309.321,380.941
309.300,381.353
309.155,381.848
309.097,382.167
309.145,382.729
309.063,383.017
308.992,383.409
308.999,383.856
309.015,384.202
308.938,384.842
308.964,385.096
308.864,385.702
308.899,385.982
308.823,386.388
308.890,386.895
308.867,387.225
308.831,387.754
308.802,388.167
308.735,388.530
308.831,389.040
308.869,389.428
308.865,389.902
308.821,390.242
308.829,390.720
308.898,391.089
308.831,391.654
308.860,391.963
308.871,392.388
308.837,392.871
308.913,393.137
308.835,393.528
308.875,394.033
308.800,394.446
308.899,394.835
308.922,395.125
308.811,395.645
308.907,395.998
308.891,396.392
308.914,396.813
308.933,397.061
308.840,397.489
308.897,397.891
308.889,398.143
308.811,398.528
308.905,398.928
308.931,399.176
308.841,399.517
308.882,399.906
308.858,400.185
308.792,400.522
308.862,400.888
308.823,401.098
308.742,401.486
308.795,401.804
308.808,402.039
308.731,402.333
308.713,402.637
308.730,402.863
308.618,403.157
308.641,403.324
308.512,403.609
308.489,403.910
308.494,404.156
308.469,404.353
308.451,404.513
308.308,404.782
308.238,404.946
308.232,405.060
308.212,405.324
308.154,405.658
308.025,405.843
308.037,405.937
308.001,406.067
307.972,406.197
307.944,406.411
307.832,406.525
307.862,406.814
307.866,406.891
307.822,407.024
307.807,407.063
307.668,407.233
307.628,407.370
307.603,407.401
307.593,407.509
307.523,407.650
307.506,407.690
307.491,407.765
307.388,407.826
307.274,407.939
307.312,408.044
307.300,408.127
307.301,408.157
307.310,408.201
307.247,408.212
307.346,408.317
307.301,408.336
307.311,408.390
307.296,408.472
307.246,408.441
307.297,408.426
307.281,408.505
307.215,408.621
307.260,408.615
307.240,408.638
307.292,408.600
307.258,408.597
307.310,408.645
307.312,408.600
307.303,408.611
307.286,408.593
307.322,408.596
307.333,408.607
307.339,408.601
307.357,408.554
307.343,408.514
307.354,408.512
307.392,408.477
307.477,408.408
307.415,408.383
307.504,408.338
307.498,408.295
307.589,408.276
307.630,408.242
307.647,408.211
307.721,408.123
307.792,408.047
307.822,407.985
307.827,407.887
307.864,407.890
307.829,407.731
307.878,407.705
307.888,407.572
307.966,407.383
307.990,407.368
308.031,407.144
308.088,407.070
308.123,406.952
308.172,406.880
308.258,406.683
308.333,406.479
308.449,406.340
308.539,406.186
308.641,406.026
308.668,405.867
308.748,405.644
308.725,405.414
308.837,405.230
308.941,405.022
308.933,404.872
308.964,404.694
309.057,404.413
309.095,404.226
309.229,403.963
309.265,403.799
309.390,403.489
309.490,403.266
309.533,403.025
309.615,402.778
309.704,402.549
309.743,402.192
309.815,401.942
309.824,401.750
309.885,401.376
310.001,401.048
310.033,400.895
310.078,400.668
310.143,400.239
310.131,399.942
310.188,399.742
310.215,399.297
310.152,399.044
310.266,398.835
310.290,398.516
310.304,398.148
310.291,397.862
310.451,397.623
310.437,397.280
310.356,396.958
310.372,396.680
310.374,396.388
310.302,396.167
310.315,395.857
310.268,395.702
310.274,395.384
310.204,395.185
310.106,395.056
310.047,394.989
310.013,394.928
309.977,394.896
309.801,394.852
309.705,394.828
309.564,394.941
309.221,394.945
309.122,395.009
309.063,395.032
308.986,395.101
308.864,395.146
308.689,395.294
308.572,395.407
308.284,395.639
308.116,395.709
307.988,395.827
307.916,395.893
307.869,395.987
307.736,396.162
307.486,396.324
307.277,396.310
307.288,396.506
307.058,396.655
306.947,396.782
306.924,396.954
306.784,397.013
306.622,397.188
306.457,397.275
306.335,397.378
306.243,397.543
306.124,397.752
306.067,397.883
305.979,397.918
305.918,397.983
305.744,398.100
305.704,398.131
305.514,398.105
305.334,398.215
305.222,398.261
305.169,398.293
305.045,398.359
304.944,398.367
304.797,398.394
304.734,398.359
304.643,398.373
304.553,398.342
304.312,398.332
304.261,398.309
304.185,398.268
304.112,398.212
303.965,398.137
303.878,398.112
303.839,398.062
303.659,397.970
303.625,397.943
303.433,397.836
303.266,397.786
303.182,397.676
303.006,397.658
302.951,397.463
302.921,397.358
302.754,397.240
302.704,397.196
302.592,397.016
302.305,396.936
302.246,396.852
302.201,396.823
302.113,396.792
301.978,396.683
301.979,396.595
301.865,396.406
301.747,396.367
301.759,396.240
301.685,396.207
301.611,396.133
301.516,396.130
301.460,396.128
301.358,396.075
301.304,396.043
301.199,396.090
301.136,396.004
301.088,396.022
301.058,396.055
301.019,396.026
301.013,396.035
300.935,396.127
300.956,396.156
300.944,396.239
300.958,396.307
300.973,396.324
300.924,396.411
300.953,396.592
301.004,396.646
300.992,396.710
300.962,396.826
301.006,396.950
301.021,397.005
301.105,397.149
301.114,397.200
301.182,397.345
301.239,397.533
301.250,397.727
301.269,397.852
301.323,398.006
301.391,398.149
301.558,398.324
301.578,398.514
301.743,398.708
301.716,398.840
301.843,399.012
301.842,399.186
301.947,399.378
301.912,399.710
302.028,399.896
302.040,400.015
302.128,400.196
302.202,400.421
302.225,400.746
302.357,400.875
302.402,401.075
302.615,401.297
302.554,401.502
302.723,401.729
302.847,401.984
302.814,402.141
302.852,402.296
302.903,402.692
302.968,402.794
303.024,402.979
303.130,403.124
303.171,403.303
303.240,403.662
303.183,403.876
303.223,403.984
303.281,404.194
303.425,404.337
303.546,404.569
303.524,404.736
303.554,404.849
303.590,405.071
303.530,405.241
303.666,405.350
303.670,405.483
303.649,405.712
303.717,405.873
303.719,406.015
303.762,406.157
303.801,406.238
303.721,406.509
303.781,406.675
303.782,406.738
303.777,406.850
303.818,407.028
303.785,407.128
303.778,407.207
303.766,407.392
303.779,407.442
303.802,407.680
303.830,407.787
303.827,407.897
303.879,407.956
303.895,408.041
303.771,408.138
303.789,408.214
303.756,408.378
303.753,408.484
303.842,408.664
303.807,408.708
303.844,408.767
303.880,408.899
303.889,408.969
303.865,409.041
303.918,409.094
303.853,409.186
303.845,409.339
303.895,409.434
303.890,409.602
303.890,409.699
303.925,409.753
303.955,409.823
303.999,409.908
304.002,409.972
304.012,410.009
304.040,410.084
304.087,410.173
304.068,410.182
304.117,410.333
304.114,410.390
304.164,410.422
304.275,410.558
304.252,410.665
304.326,410.729
304.297,410.791
304.317,410.811
304.452,410.904
304.542,410.940
304.527,411.042
304.701,411.037
304.673,411.170
304.800,411.161
304.866,411.143
304.887,411.295
304.879,411.341
304.998,411.399
305.149,411.503
305.126,411.559
305.240,411.669
305.308,411.760
305.401,411.780
305.551,411.772
305.592,411.898
305.736,411.969
305.857,412.001
305.902,412.035
305.967,412.082
306.056,412.145
306.189,412.247
306.260,412.283
306.463,412.390
306.618,412.489
306.713,412.499
306.775,412.592
306.980,412.779
307.117,412.777
307.220,412.823
307.324,412.821
307.560,412.897
307.664,412.956
307.829,413.068
307.992,413.029
308.060,413.113
308.283,413.227
308.549,413.267
308.644,413.283
308.737,413.395
308.965,413.405
309.134,413.625
309.220,413.688
309.543,413.656
309.655,413.688
309.851,413.812
309.956,413.855
310.082,413.911
310.204,413.932
310.458,414.036
310.792,414.047
310.936,414.065
311.047,414.106
311.268,414.161
311.532,414.292
311.648,414.300
311.730,414.356
311.940,414.513
312.181,414.452
312.369,414.568
312.625,414.630
312.782,414.687
312.929,414.757
313.089,414.839
313.195,414.884
313.412,414.850
313.688,414.884
313.841,415.006
313.981,415.030
314.089,415.049
314.348,415.159
314.599,415.236
314.697,415.273
314.825,415.275
314.987,415.315
315.224,415.350
315.359,415.491
315.499,415.590
315.659,415.646
315.837,415.759
315.940,415.844
316.050,415.908
316.173,415.933
316.365,415.979
316.589,416.100
316.747,416.130
316.924,416.131
317.026,416.186
317.130,416.246
317.321,416.408
317.394,416.575
317.511,416.592
317.672,416.676
317.803,416.767
317.950,416.871
318.025,416.910
318.066,416.981
318.178,417.026
318.344,417.160
318.504,417.237
318.655,417.255
318.798,417.355
318.850,417.463
318.975,417.535
319.026,417.721
