558.920,84.007
558.964,84.051
558.966,84.078
558.962,84.070
559.132,84.153
559.027,84.226
559.020,84.243
559.025,84.239
559.034,84.233
559.149,84.417
559.192,84.462
559.095,84.401
559.091,84.590
559.156,84.435
559.045,84.515
559.169,84.591
559.124,84.562
559.191,84.618
559.150,84.641
559.180,84.598
559.136,84.705
559.123,84.695
559.245,84.776
559.081,84.848
559.203,84.799
559.126,84.888
559.154,84.739
559.158,84.790
559.167,84.791
559.177,84.980
559.134,85.000
559.137,85.004
559.146,84.894
559.151,85.012
559.141,85.015
559.146,85.012
559.240,85.021
559.251,84.931
559.172,84.934
559.149,85.027
559.253,85.091
559.147,85.029
559.202,85.125
559.155,85.030
559.263,85.052
559.317,85.280
559.332,85.079
559.419,85.128
559.284,85.147
559.349,85.225
559.346,85.179
559.143,85.148
559.331,85.140
559.227,85.114
559.347,85.178
559.168,85.039
559.297,85.194
559.233,85.221
559.401,85.185
559.278,85.100
559.284,85.090
559.439,85.130
559.332,85.100
559.462,85.007
559.354,84.851
559.475,84.872
559.397,84.944
559.466,84.904
559.511,84.892
559.377,84.740
559.332,84.735
559.471,84.748
559.539,84.660
559.525,84.758
559.501,84.633
559.464,84.712
559.397,84.717
559.532,84.571
559.522,84.567
559.502,84.579
559.488,84.525
559.540,84.492
559.539,84.483
559.586,84.466
559.637,84.469
559.436,84.453
559.527,84.431
559.600,84.283
559.535,84.233
559.527,84.122
559.475,84.119
559.497,83.998
559.514,83.747
559.511,83.711
559.392,83.735
559.314,83.722
559.451,83.557
559.433,83.543
559.294,83.505
559.385,83.483
559.299,83.455
559.281,83.441
559.206,83.246
559.124,83.206
559.133,83.030
559.141,82.862
559.128,82.737
559.155,82.669
559.151,82.634
559.173,82.577
559.213,82.438
559.086,82.322
559.018,82.153
559.027,82.142
559.003,82.017
559.022,81.896
558.995,81.808
558.923,81.725
558.887,81.657
558.810,81.562
558.840,81.388
558.852,81.329
558.876,81.217
558.790,81.252
558.675,81.029
558.766,80.849
558.667,80.674
558.852,80.539
558.646,80.496
558.730,80.470
558.764,80.303
558.698,80.192
558.631,80.109
558.503,79.838
558.457,79.803
558.474,79.665
558.404,79.638
558.457,79.544
558.457,79.516
558.409,79.471
558.455,79.467
558.375,79.225
558.282,79.372
558.375,79.144
558.341,78.903
558.238,78.827
558.227,78.816
558.202,78.751
558.276,78.676
558.313,78.617
558.339,78.545
558.334,78.494
558.262,78.452
558.285,78.490
558.329,78.490
558.210,78.312
558.198,78.313
558.264,78.220
558.118,78.169
558.128,78.037
558.184,78.001
558.139,78.024
558.192,77.996
558.325,77.693
558.239,77.754
558.330,77.670
558.292,77.540
558.288,77.511
558.287,77.507
558.335,77.505
558.371,77.358
558.282,77.223
558.253,77.162
558.208,77.146
558.305,77.118
558.150,77.028
558.256,76.759
558.196,76.766
558.224,76.746
558.253,76.696
558.320,76.537
558.255,76.432
558.315,76.498
558.283,76.343
558.222,76.353
558.187,76.320
558.167,76.244
558.193,76.125
558.187,76.130
558.172,75.994
558.247,75.770
558.301,75.762
558.284,75.585
558.190,75.347
558.265,75.405
558.259,75.286
558.183,75.196
558.191,75.177
558.194,75.161
558.246,75.133
558.293,75.126
558.362,74.983
558.244,74.903
558.309,74.993
558.293,74.871
558.371,74.777
558.307,74.615
558.324,74.538
558.329,74.528
558.419,74.311
558.300,74.186
558.307,74.171
558.416,74.143
558.375,74.064
558.293,74.138
558.373,74.050
558.315,74.134
558.331,74.012
558.375,74.015
558.493,73.986
558.491,73.975
558.513,73.987
558.499,73.964
558.488,73.853
558.350,73.895
558.439,73.801
558.563,73.787
558.446,73.786
558.371,73.599
558.496,73.516
558.504,73.389
558.513,73.504
558.535,73.303
558.520,73.498
558.570,73.234
558.422,73.289
558.529,73.347
558.538,73.115
558.541,73.115
558.638,73.189
558.623,73.227
558.637,73.165
558.620,73.225
558.533,73.161
558.613,73.117
558.516,73.146
558.536,73.021
558.529,73.008
558.727,73.043
558.519,73.049
558.664,73.141
558.631,72.827
558.744,72.855
558.752,72.854
558.528,72.925
558.549,72.733
558.626,72.895
558.532,72.739
558.626,72.635
558.679,72.679
558.656,72.733
558.581,72.623
558.697,72.678
558.765,72.826
558.551,72.533
558.799,72.545
558.791,72.552
558.806,72.558
558.799,72.759
558.884,72.652
559.007,72.532
558.736,72.525
558.866,72.564
558.764,72.642
559.049,72.597
558.788,72.457
558.871,72.771
559.090,72.627
559.019,72.570
559.400,72.494
559.222,72.688
559.303,72.443
559.153,72.512
559.311,72.599
559.092,72.542
559.107,72.537
559.298,72.522
559.156,72.550
559.297,72.518
559.382,72.614
559.496,72.510
559.416,72.598
559.403,72.597
559.498,72.497
559.400,72.600
559.603,72.416
559.518,72.498
559.519,72.492
559.517,72.500
559.533,72.490
559.523,72.492
559.630,72.396
559.625,72.455
559.721,72.351
559.689,72.415
559.627,72.402
559.636,72.403
559.798,72.511
559.800,72.516
559.949,72.325
559.728,72.409
559.878,72.283
559.870,72.283
560.018,72.279
560.200,72.466
560.075,72.460
560.299,72.222
560.146,72.323
560.220,72.449
560.383,72.387
560.388,72.387
560.381,72.387
560.582,72.393
560.493,72.492
560.503,72.473
560.498,72.489
560.450,72.272
560.522,72.491
560.527,72.299
560.559,72.297
560.718,72.296
560.742,72.386
560.759,72.379
560.866,72.388
560.817,72.372
560.844,72.484
560.884,72.552
560.974,72.412
560.995,72.323
561.007,72.319
561.076,72.523
561.038,72.374
561.077,72.327
561.024,72.317
561.043,72.441
561.197,72.329
561.201,72.391
561.229,72.324
561.265,72.388
561.378,72.246
561.414,72.292
561.498,72.393
561.516,72.445
561.514,72.503
561.519,72.561
561.629,72.631
561.596,72.696
561.557,72.518
561.805,72.605
561.817,72.599
561.815,72.609
561.757,72.659
561.880,72.542
561.848,72.622
561.876,72.653
561.924,72.594
561.897,72.663
561.975,72.747
562.029,72.775
562.094,72.741
562.221,72.751
562.162,72.794
562.406,72.743
562.259,72.767
562.336,72.693
562.345,72.810
562.293,72.783
562.355,72.857
562.602,72.897
562.619,72.893
562.722,72.918
562.794,72.904
562.725,73.007
562.870,73.013
562.890,73.022
562.982,73.072
562.951,73.047
563.055,73.057
563.057,73.067
563.083,73.079
563.234,73.248
563.116,73.263
563.127,73.218
563.209,73.301
563.192,73.197
563.436,73.414
563.370,73.463
563.587,73.460
563.640,73.602
563.717,73.553
563.806,73.720
563.834,73.677
563.846,73.693
563.918,73.774
563.975,73.828
563.988,73.841
564.001,73.846
564.055,74.031
564.026,74.024
564.091,74.160
564.092,74.069
564.156,74.318
564.244,74.406
564.234,74.359
564.280,74.483
564.432,74.520
564.393,74.513
564.448,74.548
564.513,74.559
564.623,74.555
564.677,74.597
564.770,74.900
564.840,74.891
564.823,74.906
564.864,75.202
564.871,75.133
564.882,75.227
564.908,75.301
564.924,75.321
564.922,75.336
564.922,75.620
565.118,75.638
565.109,75.700
565.040,75.793
565.133,75.809
565.205,75.995
565.220,76.180
565.324,76.294
565.366,76.372
565.390,76.467
565.399,76.611
565.310,76.644
565.466,76.689
565.542,76.819
565.617,76.937
565.699,77.148
565.712,77.390
565.794,77.493
565.888,77.653
565.905,77.708
566.009,78.001
566.063,78.172
566.007,78.334
566.172,78.573
566.194,78.687
566.260,78.826
566.396,79.314
566.504,79.490
566.607,79.660
566.638,79.992
566.835,80.305
566.938,80.541
566.994,80.873
566.996,81.290
567.147,81.565
567.084,81.975
567.445,82.459
567.485,82.608
567.688,83.038
567.868,83.497
567.931,83.913
568.045,84.447
568.070,84.827
568.431,85.473
568.522,86.103
568.710,86.507
568.897,87.218
569.115,87.686
569.268,88.586
569.485,89.090
569.762,89.716
570.035,90.507
570.380,91.439
570.775,91.962
571.095,92.737
571.416,93.686
571.983,94.488
572.216,95.411
572.768,96.335
573.228,97.232
573.756,98.084
574.346,99.095
574.978,100.055
575.523,101.053
576.118,102.261
576.874,103.328
577.461,104.463
578.048,105.508
578.818,106.744
579.477,108.013
580.151,109.322
580.944,110.536
581.608,111.855
582.324,113.321
582.999,114.584
583.690,116.074
584.459,117.573
585.284,118.988
585.991,120.496
586.585,121.984
587.176,123.637
587.891,125.332
588.466,126.863
589.004,128.516
589.510,130.156
590.033,131.938
590.532,133.823
591.007,135.470
591.405,137.251
591.818,139.013
592.142,140.705
592.563,142.722
592.877,144.650
593.041,146.514
593.330,148.557
593.801,150.519
594.008,152.489
594.154,154.510
594.416,156.624
594.653,158.732
594.852,160.801
595.181,163.014
595.417,165.166
595.687,167.359
595.962,169.632
596.150,172.025
596.392,174.127
596.803,176.527
597.100,178.851
597.445,181.164
597.758,183.527
598.126,185.926
598.471,188.311
598.899,190.840
599.354,193.112
599.637,195.706
600.204,198.175
600.608,200.673
601.096,203.300
601.551,205.887
601.868,208.427
602.097,211.164
602.476,214.019
602.725,216.783
603.271,219.610
603.703,222.428
604.452,225.101
605.273,227.774
605.870,230.220
606.770,232.748
607.608,235.217
608.422,237.725
609.326,240.197
610.069,242.757
610.741,245.223
611.559,247.980
612.479,250.518
613.269,253.133
614.229,255.793
615.037,258.418
615.823,261.109
616.749,263.762
617.775,266.311
618.710,269.128
619.719,271.762
620.723,274.329
621.726,277.104
622.841,279.888
623.938,282.441
625.146,285.157
626.293,287.897
627.393,290.693
628.608,293.366
629.686,296.104
631.073,298.782
632.352,301.369
633.530,304.189
634.918,306.936
636.271,309.668
637.500,312.316
638.867,315.030
640.328,317.716
641.583,320.370
643.141,323.093
644.407,325.855
645.710,328.430
647.331,331.177
648.831,333.982
650.363,336.689
651.779,339.212
653.333,341.969
654.999,344.751
656.430,347.320
657.970,350.051
659.551,352.641
661.236,355.225
662.885,358.022
664.491,360.689
666.210,363.229
667.745,366.014
669.513,368.651
671.275,371.282
672.891,374.038
674.683,376.766
676.448,379.276
678.204,382.041
679.887,384.790
681.638,387.360
683.437,390.111
685.284,392.852
687.142,395.385
688.888,398.092
690.716,400.917
692.525,403.606
694.453,406.243
696.263,409.018
698.068,411.809
699.820,414.377
701.759,417.075
703.710,419.945
705.573,422.671
707.503,425.420
709.448,428.226
711.299,431.050
713.168,433.930
715.039,436.781
717.001,439.511
718.898,442.292
720.734,445.214
722.717,448.082
724.704,451.009
726.497,454.128
728.487,456.950
730.312,459.939
732.134,462.939
734.019,465.976
735.921,468.976
737.780,472.070
739.619,475.162
741.505,478.279
743.398,481.399
745.177,484.578
746.973,487.865
748.742,491.039
750.506,494.319
752.228,497.543
753.941,500.918
755.610,504.215
757.327,507.599
759.028,510.925
760.556,514.489
762.184,517.928
763.779,521.219
765.376,524.752
766.808,528.363
768.229,531.989
769.643,535.510
771.143,539.105
772.497,542.611
773.583,546.467
775.006,550.014
776.198,553.843
777.531,557.521
778.620,561.155
779.740,564.838
780.876,568.632
781.880,572.496
782.804,576.211
783.820,579.941
784.623,583.705
785.503,587.597
786.245,591.411
787.032,595.399
787.615,599.189
788.250,602.946
788.902,606.881
789.452,610.664
789.855,614.539
790.208,618.394
790.587,622.331
790.975,626.177
791.298,630.147
791.382,633.879
791.488,637.756
791.638,641.581
791.578,645.495
791.596,649.319
791.504,653.204
791.405,656.843
791.282,660.634
790.984,664.486
790.618,668.302
790.361,672.075
789.787,675.601
789.559,679.395
789.018,683.162
788.401,686.735
787.751,690.401
787.162,694.114
786.358,697.746
785.578,701.242
784.723,704.809
783.975,708.455
783.197,711.821
782.202,715.467
781.204,718.719
780.151,722.323
779.058,725.571
777.826,729.091
776.698,732.324
775.495,735.529
774.203,738.733
773.040,742.093
771.561,745.250
770.326,748.386
768.801,751.538
767.388,754.635
765.960,757.604
764.428,760.676
762.915,763.569
761.308,766.611
759.750,769.496
758.063,772.481
756.387,775.342
754.586,777.998
752.979,780.752
751.286,783.594
749.469,786.458
747.613,788.898
745.872,791.528
744.215,794.175
742.235,796.525
740.355,799.149
738.442,801.590
736.538,803.945
734.620,806.361
732.652,808.695
730.741,810.954
728.828,813.374
726.758,815.450
724.826,817.559
722.658,819.704
720.668,821.738
718.573,823.746
716.615,825.808
714.439,827.727
712.383,829.668
710.289,831.575
708.217,833.358
706.099,835.209
703.893,836.911
701.762,838.617
699.583,840.453
697.482,842.055
695.332,843.650
693.143,845.386
690.912,846.730
688.865,848.384
686.670,849.874
684.396,851.344
682.155,852.656
680.016,854.039
677.849,855.561
675.680,856.692
673.371,858.069
671.109,859.277
668.946,860.506
666.858,861.635
664.597,862.753
662.303,863.846
660.114,865.210
657.921,866.095
655.819,866.975
653.484,868.234
651.167,869.232
649.098,870.166
646.813,870.987
644.621,871.794
642.441,872.757
640.104,873.499
637.924,874.466
635.827,875.314
633.485,875.831
631.119,876.570
628.990,877.444
626.837,878.207
624.539,878.681
622.223,879.390
620.097,880.053
617.944,880.549
615.671,881.174
613.275,881.650
611.074,882.115
608.882,882.674
606.659,883.285
604.306,883.701
602.102,884.381
599.880,884.614
597.591,884.937
595.248,885.374
593.057,885.606
590.824,886.021
588.403,886.382
586.232,886.447
584.000,886.923
581.791,887.179
579.253,887.407
577.111,887.696
574.879,887.941
572.375,888.097
570.185,888.314
567.933,888.518
565.380,888.534
563.191,888.664
560.874,888.689
558.315,888.847
556.181,888.843
553.867,888.962
551.281,888.970
549.003,888.999
546.514,888.978
544.175,888.951
541.918,888.877
539.265,888.824
537.063,888.765
534.408,888.720
532.106,888.719
529.711,888.560
527.142,888.596
524.696,888.386
522.166,888.161
519.813,888.053
517.153,887.732
514.873,887.724
512.261,887.471
509.734,887.164
507.282,886.744
504.777,886.571
502.189,886.420
499.644,886.035
497.111,885.638
494.447,885.436
491.934,884.779
489.179,884.586
486.753,883.980
484.061,883.577
481.389,883.020
478.797,882.437
476.051,881.880
473.406,881.449
470.913,880.772
468.073,880.119
465.465,879.525
462.842,878.696
460.052,878.105
457.384,877.373
454.622,876.490
452.074,875.722
449.158,874.756
446.552,874.085
443.779,873.271
441.058,872.247
438.178,871.312
435.488,870.346
432.777,869.265
430.028,868.187
427.277,866.938
424.473,865.784
421.797,864.572
418.937,863.450
416.284,862.155
413.469,861.031
410.761,859.731
407.924,858.360
405.306,856.946
402.546,855.489
399.825,854.189
397.192,852.643
394.417,851.205
391.547,849.572
388.783,848.181
386.123,846.336
383.348,844.730
380.627,843.073
378.029,841.279
375.330,839.541
372.487,837.873
370.010,835.986
367.281,834.041
364.626,832.257
362.023,830.209
359.336,828.288
356.693,826.306
354.052,824.207
351.568,822.241
348.920,820.089
346.342,817.899
343.740,815.794
341.326,813.630
338.650,811.370
336.029,809.123
333.462,806.752
331.098,804.505
328.530,802.112
325.862,799.678
323.407,797.349
320.809,794.894
318.373,792.448
315.813,789.755
313.427,787.222
310.792,784.583
308.350,781.806
305.819,779.172
303.486,776.482
301.058,773.629
298.660,770.783
296.277,768.003
293.892,765.301
291.566,762.248
289.378,759.310
287.031,756.408
284.666,753.355
282.439,750.322
280.254,747.293
278.088,744.226
275.933,741.043
273.710,737.867
271.678,734.640
269.401,731.418
267.363,728.329
265.311,724.955
263.104,721.575
261.174,718.386
259.133,715.024
257.114,711.502
255.185,708.247
253.282,704.571
251.250,701.099
249.381,697.549
247.492,694.007
245.733,690.519
243.813,686.666
242.038,683.052
240.254,679.460
238.518,675.605
236.822,671.854
235.047,668.035
233.406,664.350
231.855,660.389
230.181,656.489
228.718,652.526
227.135,648.608
225.679,644.561
224.125,640.593
222.808,636.616
221.547,632.499
220.061,628.415
218.778,624.297
217.634,620.188
216.173,616.047
215.034,611.882
213.818,607.537
212.829,603.382
211.756,599.159
210.672,594.767
209.650,590.519
208.784,586.214
207.789,581.885
206.807,577.488
206.011,573.124
205.219,568.743
204.607,564.384
203.918,559.904
203.147,555.435
202.638,551.009
201.955,546.497
201.288,542.052
200.930,537.460
200.485,533.003
200.059,528.503
199.814,523.917
199.466,519.458
199.190,514.781
198.899,510.362
198.896,505.820
198.755,501.257
198.629,496.685
198.750,492.208
198.605,487.599
198.644,483.254
199.011,478.594
199.149,474.060
199.341,469.590
199.583,465.057
199.908,460.427
200.376,456.035
200.781,451.388
201.336,446.866
201.763,442.371
202.371,437.855
203.004,433.359
203.837,428.911
204.507,424.441
205.340,419.884
206.317,415.551
207.208,410.965
208.054,406.600
209.060,402.208
210.122,397.950
211.338,393.593
212.534,389.303
213.600,385.045
214.926,380.700
216.192,376.565
217.578,372.337
218.886,368.110
220.329,363.933
221.633,359.960
223.168,355.888
224.700,351.900
226.331,347.805
227.744,343.949
229.487,339.979
231.196,336.087
232.801,332.335
234.489,328.518
236.352,324.725
237.938,321.078
239.789,317.304
241.545,313.810
243.563,310.118
245.348,306.600
247.227,303.071
249.072,299.587
250.895,296.217
252.782,292.833
254.712,289.422
256.727,286.317
258.625,282.972
260.533,279.730
262.508,276.589
264.530,273.468
266.433,270.385
268.365,267.310
270.291,264.380
272.250,261.403
274.165,258.514
276.138,255.496
277.920,252.578
279.638,249.877
281.678,247.120
283.506,244.348
285.323,241.568
287.281,238.880
288.911,236.316
290.671,233.596
292.541,230.936
294.373,228.461
296.329,225.785
298.021,223.378
299.709,220.655
301.486,218.402
303.322,215.787
305.056,213.404
306.634,210.768
308.413,208.389
310.086,206.055
311.653,203.614
313.382,201.275
314.993,198.874
316.590,196.585
318.251,194.258
319.724,191.796
321.389,189.575
322.822,187.386
324.369,185.176
325.807,182.666
327.536,180.570
328.928,178.379
330.411,175.992
331.932,173.719
333.549,171.581
334.893,169.445
336.388,167.195
337.808,164.740
339.375,162.566
340.943,160.505
342.374,158.245
344.048,156.051
345.368,153.835
346.881,151.601
348.171,149.327
349.789,147.034
351.228,145.049
352.697,142.663
354.108,140.481
355.749,138.397
357.120,136.180
358.574,133.957
360.029,131.759
361.646,129.461
363.023,127.120
364.546,125.048
366.010,122.962
367.351,120.656
368.925,118.558
370.419,116.399
371.982,114.188
373.199,112.013
374.906,109.897
376.219,107.604
377.886,105.427
379.053,103.275
380.662,101.005
382.026,99.019
383.391,96.832
384.782,94.647
386.276,92.571
387.537,90.557
388.511,88.532
389.461,86.555
390.220,84.875
390.525,83.000
390.761,81.212
390.641,79.794
390.513,78.012
390.296,76.392
390.013,75.145
389.609,73.747
389.092,72.668
388.723,71.707
388.089,70.702
387.421,70.076
386.653,69.390
386.265,69.073
385.701,68.643
385.168,68.388
384.729,68.273
384.382,68.219
384.196,68.079
383.873,68.350
383.764,68.491
383.761,68.651
384.015,68.768
384.318,69.386
384.395,69.395
384.591,69.977
384.971,70.261
385.436,70.839
385.837,71.105
386.507,71.510
386.757,71.964
387.259,72.393
387.568,72.836
388.012,73.115
388.402,73.423
388.572,73.925
388.974,74.264
389.392,74.612
389.597,74.819
389.708,75.228
390.208,75.551
390.402,76.012
390.556,76.319
390.569,76.928
391.022,77.277
391.117,77.541
391.518,77.997
391.525,78.058
391.932,78.539
392.152,79.079
392.287,79.281
392.416,79.736
392.524,79.869
392.659,80.164
392.867,80.419
393.007,80.565
393.071,80.763
393.230,81.018
393.351,81.166
393.303,81.356
393.393,81.593
393.403,81.597
393.296,81.519
393.398,81.604
393.397,81.610
393.297,81.516
393.107,81.401
393.031,81.302
392.956,81.258
392.881,81.123
392.735,80.804
392.623,80.608
392.547,80.365
392.471,80.107
392.421,79.968
391.924,79.779
391.888,79.368
391.566,79.093
391.531,78.924
391.310,78.515
391.034,78.251
390.976,78.170
390.568,77.907
390.515,77.633
390.461,77.102
390.410,77.026
390.039,76.648
389.872,76.319
389.537,76.154
389.534,75.939
389.453,75.817
389.089,75.293
388.942,75.257
388.788,75.040
388.541,74.968
388.549,74.724
388.390,74.683
388.166,74.314
388.234,74.196
388.169,74.043
388.044,74.199
387.960,74.249
387.893,74.095
387.800,74.105
387.575,73.952
387.749,74.083
387.622,74.118
387.563,73.969
387.534,74.026
387.539,74.040
387.632,74.235
387.546,74.099
387.518,74.178
387.495,74.126
387.518,74.186
387.567,74.272
387.518,74.237
387.550,74.124
387.668,74.456
387.548,74.304
387.462,74.233
387.533,74.431
387.528,74.497
387.512,74.503
387.622,74.449
387.386,74.533
387.460,74.538
387.402,74.383
387.148,74.477
387.239,74.450
387.183,74.454
387.060,74.448
387.056,74.446
387.034,74.446
387.001,74.319
386.922,74.360
386.759,74.344
386.690,74.357
386.742,74.162
386.721,74.153
386.623,74.227
386.493,74.042
386.356,74.048
386.160,74.151
386.192,74.122
386.048,74.079
385.991,74.035
385.820,74.119
385.746,74.142
385.752,74.113
385.598,74.118
385.518,74.027
385.491,74.034
385.373,74.025
385.159,74.102
385.190,74.094
385.046,74.024
385.001,73.996
385.012,74.016
384.964,74.048
384.904,73.962
384.767,73.928
384.731,73.996
384.749,73.931
384.835,73.992
384.714,73.911
384.587,73.891
384.588,73.894
384.493,73.791
384.418,73.857
384.416,73.799
384.227,73.740
384.054,73.698
384.118,73.583
384.022,73.504
384.002,73.432
383.999,73.500
383.992,73.429
383.863,73.314
383.906,73.283
383.925,73.284
383.731,73.173
383.756,73.214
383.689,73.240
383.630,73.233
383.635,73.244
383.405,73.208
383.587,73.144
383.517,73.224
383.495,73.218
383.405,73.141
383.297,73.156
383.228,73.145
383.182,73.166
383.162,73.277
383.160,73.161
383.161,73.168
383.074,73.087
383.019,73.285
383.008,73.292
382.895,73.169
382.890,73.060
382.778,73.209
382.792,73.154
382.737,73.150
382.700,73.323
382.685,73.220
382.480,73.190
382.457,73.205
382.411,73.141
382.407,73.147
382.226,73.184
382.223,73.176
382.103,73.201
382.042,73.227
382.010,73.111
381.961,73.082
381.936,73.183
381.815,73.142
381.745,73.166
381.783,73.136
381.717,73.256
381.344,73.111
381.514,73.029
381.203,73.024
381.198,73.121
381.088,73.024
381.061,73.004
381.049,73.018
381.024,73.007
381.048,72.956
381.017,72.990
380.932,72.963
380.887,72.992
380.871,72.984
380.810,72.991
380.770,72.902
380.760,72.899
380.528,72.807
380.583,72.883
380.382,72.798
380.385,72.683
380.329,72.697
380.270,72.678
380.243,72.667
380.155,72.684
380.147,72.744
380.137,72.863
380.085,72.712
379.897,72.739
379.935,72.830
379.988,72.734
379.789,72.776
379.785,72.758
379.746,72.785
379.679,72.703
379.514,72.696
379.609,72.786
379.417,72.881
379.258,72.886
379.242,72.904
379.224,72.886
379.102,72.946
379.083,72.861
379.016,72.991
379.005,72.991
378.979,73.004
378.864,73.022
378.844,73.008
378.790,73.040
378.615,73.133
378.424,73.206
378.382,73.400
378.349,73.458
378.470,73.497
378.276,73.512
378.172,73.711
378.083,73.807
378.087,73.994
378.178,74.010
378.135,74.007
377.982,74.120
377.938,74.285
377.826,74.508
377.799,74.704
377.766,74.782
377.898,75.019
377.688,75.183
377.581,75.440
377.569,75.529
377.521,75.677
377.407,75.944
377.322,76.251
377.357,76.398
377.331,76.535
377.266,76.779
377.074,77.125
377.228,77.379
377.064,77.705
377.025,77.957
377.022,78.138
376.983,78.472
376.964,78.839
376.908,79.210
376.748,79.433
376.521,79.633
376.289,80.057
376.202,80.413
376.077,80.935
375.943,81.050
375.700,81.519
375.585,81.772
375.159,82.036
375.101,82.455
374.849,82.873
374.519,83.164
374.197,83.621
373.986,84.124
373.539,84.379
373.146,84.729
372.989,85.262
372.716,85.719
372.129,86.050
371.843,86.423
371.502,86.718
370.904,87.321
370.677,87.587
370.082,88.169
369.756,88.530
369.123,89.029
368.911,89.563
368.254,89.913
367.912,90.317
367.429,90.695
366.976,91.163
366.395,91.615
365.933,92.193
365.469,92.518
365.026,92.827
364.551,93.426
364.117,93.719
363.768,94.219
363.264,94.508
362.926,94.960
362.288,95.381
361.979,95.564
361.576,95.889
361.113,96.182
360.776,96.506
360.549,96.683
360.040,96.993
359.830,97.303
359.378,97.475
359.027,97.745
358.920,97.768
358.508,97.773
358.148,97.820
358.005,97.889
357.886,98.193
357.461,98.032
357.079,98.022
357.028,98.033
356.800,98.095
356.714,97.811
356.450,97.763
356.263,97.684
356.142,97.641
356.009,97.495
355.907,97.285
355.708,97.006
355.710,96.773
355.570,96.537
355.506,96.417
355.442,95.915
355.357,95.602
355.428,95.379
355.255,94.813
355.222,94.583
355.304,94.198
355.263,93.535
355.260,93.077
355.416,92.616
355.440,92.164
355.567,91.616
355.535,91.058
355.586,90.518
355.907,89.788
355.895,89.287
355.997,88.550
356.028,87.839
356.184,87.380
356.265,86.526
356.445,85.918
356.560,85.314
356.603,84.530
356.778,83.713
356.941,83.125
356.945,82.351
357.149,81.621
357.305,80.766
357.416,80.041
357.657,79.355
357.717,78.410
357.975,77.602
358.057,76.782
358.022,75.981
358.132,75.332
358.114,74.457
358.246,73.530
358.174,72.697
358.063,71.885
358.023,71.206
358.037,70.410
357.932,69.772
357.720,69.087
357.385,68.594
357.113,67.753
356.913,67.266
356.468,67.009
356.154,66.566
355.848,66.116
355.190,65.700
354.790,65.573
354.554,65.457
354.020,65.040
353.778,64.990
353.170,64.676
353.050,64.617
352.688,64.400
352.347,64.375
352.091,64.253
351.921,64.211
351.762,64.103
351.393,63.937
351.186,63.894
351.239,63.767
351.142,63.745
351.155,63.692
351.313,63.694
351.265,63.618
351.444,63.569
351.572,63.560
351.697,63.657
351.861,63.462
352.016,63.566
352.183,63.583
352.264,63.485
352.390,63.471
352.531,63.372
352.716,63.307
352.849,63.281
352.871,63.285
352.918,63.339
352.916,63.388
353.044,63.546
353.173,63.535
353.171,63.574
353.246,63.508
353.273,63.517
353.287,63.526
353.441,63.527
353.405,63.538
353.519,63.518
353.627,63.513
353.814,63.438
353.901,63.472
353.876,63.383
353.906,63.360
354.023,63.243
354.110,63.282
354.109,63.194
354.110,63.166
354.132,63.051
354.285,63.047
354.292,62.916
354.406,62.852
354.574,62.859
354.454,62.782
354.381,62.713
354.483,62.578
354.527,62.554
354.464,62.542
354.515,62.518
354.518,62.511
354.542,62.443
354.462,62.516
354.498,62.485
354.458,62.464
354.471,62.392
354.331,62.383
354.246,62.366
354.333,62.350
354.310,62.283
354.150,62.217
354.174,62.276
354.189,61.984
354.140,62.198
354.131,62.101
354.133,62.043
354.042,62.010
354.033,61.994
354.108,61.931
354.008,61.973
353.991,61.990
354.001,61.881
353.988,61.871
353.976,61.981
353.961,61.979
353.945,61.870
353.808,61.882
353.770,61.969
353.795,61.773
353.584,61.929
353.449,61.901
353.495,61.883
353.495,61.982
353.430,62.005
353.316,61.883
353.154,61.908
353.186,61.903
353.197,61.939
353.111,62.017
353.122,61.938
353.124,61.938
353.026,62.018
353.013,62.019
352.937,62.193
353.002,62.121
352.918,62.244
352.988,62.187
352.972,62.132
352.892,62.108
352.869,62.274
352.765,62.277
352.753,62.330
352.759,62.303
352.643,62.349
352.592,62.368
352.477,62.442
352.538,62.419
352.457,62.421
352.344,62.454
352.512,62.371
352.398,62.479
352.291,62.475
352.279,62.482
352.216,62.576
352.262,62.490
352.274,62.484
352.255,62.501
352.255,62.506
352.198,62.592
352.169,62.655
352.132,62.625
352.077,62.561
352.124,62.637
352.123,62.649
352.122,62.653
352.082,62.706
351.967,62.758
352.019,62.791
351.995,62.806
351.983,62.799
351.989,62.856
351.993,62.978
351.990,62.871
351.907,62.964
351.951,62.898
351.958,63.011
351.877,63.099
351.875,63.256
351.796,63.139
351.690,63.228
351.739,63.290
351.522,63.404
351.540,63.395
351.454,63.463
351.442,63.474
351.399,63.499
351.382,63.494
351.288,63.533
351.178,63.654
351.264,63.643
351.129,63.723
351.133,63.735
351.142,63.697
351.115,63.768
351.111,63.929
351.024,64.007
351.023,64.012
351.021,64.141
351.001,64.187
350.996,64.212
350.924,64.282
350.907,64.293
350.905,64.308
350.924,64.448
350.880,64.368
350.866,64.390
350.861,64.406
350.835,64.465
350.773,64.588
350.747,64.544
350.637,64.555
350.601,64.631
350.588,64.577
350.527,64.665
350.591,64.856
350.642,64.764
350.462,64.816
350.460,64.819
350.562,65.015
350.620,64.919
350.547,65.199
350.488,64.917
350.563,65.146
350.526,65.242
350.471,65.179
350.466,65.334
350.459,65.396
350.305,65.360
350.457,65.404
350.306,65.438
350.456,65.427
350.432,65.491
350.486,65.511
350.380,65.535
350.447,65.524
350.455,65.614
350.277,65.618
350.391,65.690
350.386,65.731
350.289,65.739
350.318,65.779
350.377,65.817
350.368,66.016
350.394,66.017
350.341,66.107
350.299,66.235
350.299,66.259
350.309,66.122
350.344,66.370
350.238,66.313
350.431,66.439
350.303,66.420
350.294,66.471
350.427,66.474
350.339,66.512
350.402,66.487
350.431,66.495
350.488,66.532
350.376,66.630
350.320,66.613
350.346,66.632
350.187,66.668
350.264,66.891
350.369,66.684
350.319,66.914
350.258,66.903
350.269,66.926
350.261,66.925
350.161,66.941
350.128,67.052
350.251,67.214
350.188,67.148
350.167,67.263
350.247,67.395
350.263,67.441
350.262,67.248
350.270,67.475
350.268,67.477
350.215,67.575
350.218,67.589
350.272,67.508
350.199,67.618
350.358,67.644
350.256,67.664
350.348,67.719
350.172,67.688
350.208,67.759
350.307,67.794
350.253,67.800
350.221,68.020
350.316,67.979
350.254,67.949
350.254,67.958
350.222,68.131
350.118,68.066
350.286,68.169
350.188,68.273
350.223,68.321
350.220,68.335
350.288,68.408
350.219,68.345
350.432,68.471
350.268,68.480
350.420,68.475
350.321,68.610
350.429,68.504
350.477,68.529
350.336,68.564
350.451,68.557
350.463,68.601
350.442,68.690
350.543,68.592
350.395,68.890
350.574,68.771
350.571,68.972
350.843,69.079
350.746,69.071
350.862,69.098
350.818,69.091
350.882,69.118
350.896,69.238
350.899,69.240
350.856,69.291
350.915,69.323
350.982,69.360
350.972,69.335
351.094,69.585
351.060,69.723
351.150,69.589
351.165,69.719
351.161,69.673
351.201,69.897
351.337,69.744
351.383,69.996
351.523,69.989
351.649,70.056
351.812,70.075
351.857,70.095
351.884,70.124
351.890,70.125
351.904,70.131
351.934,70.298
351.982,70.337
352.081,70.517
352.194,70.567
352.181,70.579
352.290,70.526
352.241,70.647
352.453,70.672
352.581,70.680
352.713,70.722
352.899,70.839
352.969,70.832
352.994,70.997
353.077,70.830
353.032,71.017
